(kicad_pcb (version 20171130) (host pcbnew "(5.1.6)-1")

  (general
    (thickness 1.6)
    (drawings 0)
    (tracks 551)
    (zones 0)
    (modules 214)
    (nets 137)
  )

  (page A4)
  (layers
    (0 F.Cu signal)
    (31 B.Cu signal)
    (32 B.Adhes user)
    (33 F.Adhes user)
    (34 B.Paste user)
    (35 F.Paste user)
    (36 B.SilkS user)
    (37 F.SilkS user)
    (38 B.Mask user)
    (39 F.Mask user)
    (40 Dwgs.User user)
    (41 Cmts.User user)
    (42 Eco1.User user)
    (43 Eco2.User user)
    (44 Edge.Cuts user)
    (45 Margin user)
    (46 B.CrtYd user)
    (47 F.CrtYd user)
    (48 B.Fab user)
    (49 F.Fab user)
  )

  (setup
    (last_trace_width 0.254)
    (trace_clearance 0.2)
    (zone_clearance 0.508)
    (zone_45_only no)
    (trace_min 0.2)
    (via_size 0.8)
    (via_drill 0.4)
    (via_min_size 0.4)
    (via_min_drill 0.3)
    (uvia_size 0.3)
    (uvia_drill 0.1)
    (uvias_allowed no)
    (uvia_min_size 0.2)
    (uvia_min_drill 0.1)
    (edge_width 0.05)
    (segment_width 0.2)
    (pcb_text_width 0.3)
    (pcb_text_size 1.5 1.5)
    (mod_edge_width 0.12)
    (mod_text_size 1 1)
    (mod_text_width 0.15)
    (pad_size 1.524 1.524)
    (pad_drill 0.762)
    (pad_to_mask_clearance 0.05)
    (aux_axis_origin 0 0)
    (visible_elements 7FFFFFFF)
    (pcbplotparams
      (layerselection 0x010fc_ffffffff)
      (usegerberextensions false)
      (usegerberattributes true)
      (usegerberadvancedattributes true)
      (creategerberjobfile true)
      (excludeedgelayer true)
      (linewidth 0.100000)
      (plotframeref false)
      (viasonmask false)
      (mode 1)
      (useauxorigin false)
      (hpglpennumber 1)
      (hpglpenspeed 20)
      (hpglpendiameter 15.000000)
      (psnegative false)
      (psa4output false)
      (plotreference true)
      (plotvalue true)
      (plotinvisibletext false)
      (padsonsilk false)
      (subtractmaskfromsilk false)
      (outputformat 1)
      (mirror false)
      (drillshape 1)
      (scaleselection 1)
      (outputdirectory ""))
  )

  (net 0 "")
  (net 1 GND)
  (net 2 "Net-(C1-Pad1)")
  (net 3 "Net-(C2-Pad1)")
  (net 4 "Net-(C3-Pad1)")
  (net 5 +5V)
  (net 6 "Net-(D0-Pad2)")
  (net 7 ROW0)
  (net 8 "Net-(D1-Pad2)")
  (net 9 "Net-(D2-Pad2)")
  (net 10 "Net-(D3-Pad2)")
  (net 11 "Net-(D4-Pad2)")
  (net 12 "Net-(D5-Pad2)")
  (net 13 "Net-(D6-Pad2)")
  (net 14 "Net-(D7-Pad2)")
  (net 15 "Net-(D8-Pad2)")
  (net 16 "Net-(D9-Pad2)")
  (net 17 "Net-(D10-Pad2)")
  (net 18 "Net-(D100-Pad2)")
  (net 19 ROW1)
  (net 20 "Net-(D101-Pad2)")
  (net 21 "Net-(D102-Pad2)")
  (net 22 "Net-(D103-Pad2)")
  (net 23 "Net-(D104-Pad2)")
  (net 24 "Net-(D105-Pad2)")
  (net 25 "Net-(D106-Pad2)")
  (net 26 "Net-(D107-Pad2)")
  (net 27 "Net-(D108-Pad2)")
  (net 28 "Net-(D109-Pad2)")
  (net 29 "Net-(D200-Pad2)")
  (net 30 ROW2)
  (net 31 "Net-(D201-Pad2)")
  (net 32 "Net-(D202-Pad2)")
  (net 33 "Net-(D203-Pad2)")
  (net 34 "Net-(D204-Pad2)")
  (net 35 "Net-(D205-Pad2)")
  (net 36 "Net-(D206-Pad2)")
  (net 37 "Net-(D207-Pad2)")
  (net 38 "Net-(D208-Pad2)")
  (net 39 "Net-(D209-Pad2)")
  (net 40 "Net-(D300-Pad2)")
  (net 41 ROW3)
  (net 42 "Net-(D301-Pad2)")
  (net 43 "Net-(D302-Pad2)")
  (net 44 "Net-(D303-Pad2)")
  (net 45 "Net-(D304-Pad2)")
  (net 46 "Net-(D305-Pad2)")
  (net 47 "Net-(D306-Pad2)")
  (net 48 "Net-(D307-Pad2)")
  (net 49 "Net-(D308-Pad2)")
  (net 50 "Net-(D309-Pad2)")
  (net 51 "Net-(D400-Pad2)")
  (net 52 ROW4)
  (net 53 "Net-(D401-Pad2)")
  (net 54 "Net-(D402-Pad2)")
  (net 55 "Net-(D403-Pad2)")
  (net 56 "Net-(D404-Pad2)")
  (net 57 "Net-(D405-Pad2)")
  (net 58 "Net-(D406-Pad2)")
  (net 59 "Net-(D407-Pad2)")
  (net 60 "Net-(D408-Pad2)")
  (net 61 "Net-(D409-Pad2)")
  (net 62 "Net-(D410-Pad2)")
  (net 63 "Net-(D501-Pad2)")
  (net 64 ROW5)
  (net 65 "Net-(D502-Pad2)")
  (net 66 "Net-(D503-Pad2)")
  (net 67 "Net-(D504-Pad2)")
  (net 68 "Net-(D505-Pad2)")
  (net 69 "Net-(D506-Pad2)")
  (net 70 "Net-(D507-Pad2)")
  (net 71 "Net-(D508-Pad2)")
  (net 72 "Net-(D509-Pad2)")
  (net 73 "Net-(D600-Pad2)")
  (net 74 ROW6)
  (net 75 "Net-(D601-Pad2)")
  (net 76 "Net-(D602-Pad2)")
  (net 77 "Net-(D603-Pad2)")
  (net 78 "Net-(D604-Pad2)")
  (net 79 "Net-(D605-Pad2)")
  (net 80 "Net-(D606-Pad2)")
  (net 81 "Net-(D607-Pad2)")
  (net 82 "Net-(D608-Pad2)")
  (net 83 "Net-(D609-Pad2)")
  (net 84 "Net-(D701-Pad2)")
  (net 85 ROW7)
  (net 86 "Net-(D702-Pad2)")
  (net 87 "Net-(D703-Pad2)")
  (net 88 "Net-(D704-Pad2)")
  (net 89 "Net-(D705-Pad2)")
  (net 90 "Net-(D706-Pad2)")
  (net 91 "Net-(D707-Pad2)")
  (net 92 "Net-(D708-Pad2)")
  (net 93 "Net-(D709-Pad2)")
  (net 94 "Net-(D800-Pad2)")
  (net 95 ROW8)
  (net 96 "Net-(D801-Pad2)")
  (net 97 "Net-(D802-Pad2)")
  (net 98 "Net-(D808-Pad2)")
  (net 99 "Net-(D809-Pad2)")
  (net 100 "Net-(D810-Pad2)")
  (net 101 "Net-(D900-Pad2)")
  (net 102 ROW9)
  (net 103 "Net-(D901-Pad2)")
  (net 104 "Net-(D902-Pad2)")
  (net 105 "Net-(D903-Pad2)")
  (net 106 "Net-(D904-Pad2)")
  (net 107 "Net-(D905-Pad2)")
  (net 108 "Net-(D906-Pad2)")
  (net 109 "Net-(D907-Pad2)")
  (net 110 "Net-(D908-Pad2)")
  (net 111 "Net-(D909-Pad2)")
  (net 112 VCC)
  (net 113 COL0)
  (net 114 COL1)
  (net 115 COL2)
  (net 116 COL3)
  (net 117 COL4)
  (net 118 COL5)
  (net 119 COL6)
  (net 120 COL7)
  (net 121 COL8)
  (net 122 COL9)
  (net 123 COL10)
  (net 124 "Net-(R1-Pad2)")
  (net 125 D+)
  (net 126 "Net-(R2-Pad1)")
  (net 127 D-)
  (net 128 "Net-(R3-Pad1)")
  (net 129 "Net-(R4-Pad2)")
  (net 130 "Net-(U1-Pad42)")
  (net 131 "Net-(U1-Pad1)")
  (net 132 "Net-(C8-Pad2)")
  (net 133 "Net-(J1-Pad4)")
  (net 134 "Net-(R6-Pad2)")
  (net 135 LHD0)
  (net 136 LHD1)

  (net_class Default "This is the default net class."
    (clearance 0.2)
    (trace_width 0.254)
    (via_dia 0.8)
    (via_drill 0.4)
    (uvia_dia 0.3)
    (uvia_drill 0.1)
    (add_net COL0)
    (add_net COL1)
    (add_net COL10)
    (add_net COL2)
    (add_net COL3)
    (add_net COL4)
    (add_net COL5)
    (add_net COL6)
    (add_net COL7)
    (add_net COL8)
    (add_net COL9)
    (add_net D+)
    (add_net D-)
    (add_net LHD0)
    (add_net LHD1)
    (add_net "Net-(C1-Pad1)")
    (add_net "Net-(C2-Pad1)")
    (add_net "Net-(C3-Pad1)")
    (add_net "Net-(C8-Pad2)")
    (add_net "Net-(D0-Pad2)")
    (add_net "Net-(D1-Pad2)")
    (add_net "Net-(D10-Pad2)")
    (add_net "Net-(D100-Pad2)")
    (add_net "Net-(D101-Pad2)")
    (add_net "Net-(D102-Pad2)")
    (add_net "Net-(D103-Pad2)")
    (add_net "Net-(D104-Pad2)")
    (add_net "Net-(D105-Pad2)")
    (add_net "Net-(D106-Pad2)")
    (add_net "Net-(D107-Pad2)")
    (add_net "Net-(D108-Pad2)")
    (add_net "Net-(D109-Pad2)")
    (add_net "Net-(D2-Pad2)")
    (add_net "Net-(D200-Pad2)")
    (add_net "Net-(D201-Pad2)")
    (add_net "Net-(D202-Pad2)")
    (add_net "Net-(D203-Pad2)")
    (add_net "Net-(D204-Pad2)")
    (add_net "Net-(D205-Pad2)")
    (add_net "Net-(D206-Pad2)")
    (add_net "Net-(D207-Pad2)")
    (add_net "Net-(D208-Pad2)")
    (add_net "Net-(D209-Pad2)")
    (add_net "Net-(D3-Pad2)")
    (add_net "Net-(D300-Pad2)")
    (add_net "Net-(D301-Pad2)")
    (add_net "Net-(D302-Pad2)")
    (add_net "Net-(D303-Pad2)")
    (add_net "Net-(D304-Pad2)")
    (add_net "Net-(D305-Pad2)")
    (add_net "Net-(D306-Pad2)")
    (add_net "Net-(D307-Pad2)")
    (add_net "Net-(D308-Pad2)")
    (add_net "Net-(D309-Pad2)")
    (add_net "Net-(D4-Pad2)")
    (add_net "Net-(D400-Pad2)")
    (add_net "Net-(D401-Pad2)")
    (add_net "Net-(D402-Pad2)")
    (add_net "Net-(D403-Pad2)")
    (add_net "Net-(D404-Pad2)")
    (add_net "Net-(D405-Pad2)")
    (add_net "Net-(D406-Pad2)")
    (add_net "Net-(D407-Pad2)")
    (add_net "Net-(D408-Pad2)")
    (add_net "Net-(D409-Pad2)")
    (add_net "Net-(D410-Pad2)")
    (add_net "Net-(D5-Pad2)")
    (add_net "Net-(D501-Pad2)")
    (add_net "Net-(D502-Pad2)")
    (add_net "Net-(D503-Pad2)")
    (add_net "Net-(D504-Pad2)")
    (add_net "Net-(D505-Pad2)")
    (add_net "Net-(D506-Pad2)")
    (add_net "Net-(D507-Pad2)")
    (add_net "Net-(D508-Pad2)")
    (add_net "Net-(D509-Pad2)")
    (add_net "Net-(D6-Pad2)")
    (add_net "Net-(D600-Pad2)")
    (add_net "Net-(D601-Pad2)")
    (add_net "Net-(D602-Pad2)")
    (add_net "Net-(D603-Pad2)")
    (add_net "Net-(D604-Pad2)")
    (add_net "Net-(D605-Pad2)")
    (add_net "Net-(D606-Pad2)")
    (add_net "Net-(D607-Pad2)")
    (add_net "Net-(D608-Pad2)")
    (add_net "Net-(D609-Pad2)")
    (add_net "Net-(D7-Pad2)")
    (add_net "Net-(D701-Pad2)")
    (add_net "Net-(D702-Pad2)")
    (add_net "Net-(D703-Pad2)")
    (add_net "Net-(D704-Pad2)")
    (add_net "Net-(D705-Pad2)")
    (add_net "Net-(D706-Pad2)")
    (add_net "Net-(D707-Pad2)")
    (add_net "Net-(D708-Pad2)")
    (add_net "Net-(D709-Pad2)")
    (add_net "Net-(D8-Pad2)")
    (add_net "Net-(D800-Pad2)")
    (add_net "Net-(D801-Pad2)")
    (add_net "Net-(D802-Pad2)")
    (add_net "Net-(D808-Pad2)")
    (add_net "Net-(D809-Pad2)")
    (add_net "Net-(D810-Pad2)")
    (add_net "Net-(D9-Pad2)")
    (add_net "Net-(D900-Pad2)")
    (add_net "Net-(D901-Pad2)")
    (add_net "Net-(D902-Pad2)")
    (add_net "Net-(D903-Pad2)")
    (add_net "Net-(D904-Pad2)")
    (add_net "Net-(D905-Pad2)")
    (add_net "Net-(D906-Pad2)")
    (add_net "Net-(D907-Pad2)")
    (add_net "Net-(D908-Pad2)")
    (add_net "Net-(D909-Pad2)")
    (add_net "Net-(J1-Pad4)")
    (add_net "Net-(R1-Pad2)")
    (add_net "Net-(R2-Pad1)")
    (add_net "Net-(R3-Pad1)")
    (add_net "Net-(R4-Pad2)")
    (add_net "Net-(R6-Pad2)")
    (add_net "Net-(U1-Pad1)")
    (add_net "Net-(U1-Pad42)")
    (add_net ROW0)
    (add_net ROW1)
    (add_net ROW2)
    (add_net ROW3)
    (add_net ROW4)
    (add_net ROW5)
    (add_net ROW6)
    (add_net ROW7)
    (add_net ROW8)
    (add_net ROW9)
  )

  (net_class "Net Power" ""
    (clearance 0.2)
    (trace_width 0.381)
    (via_dia 0.8)
    (via_drill 0.4)
    (uvia_dia 0.3)
    (uvia_drill 0.1)
    (add_net +5V)
    (add_net GND)
    (add_net VCC)
  )

  (module MX_Only:MXOnly-2U-NoLED (layer F.Cu) (tedit 5BD3C72F) (tstamp 5EEDD6FA)
    (at 38.1 247.65)
    (path /5EFD4480)
    (fp_text reference MX100 (at 0 3.175) (layer Dwgs.User)
      (effects (font (size 1 1) (thickness 0.15)))
    )
    (fp_text value MX-NoLED (at 0 -7.9375) (layer Dwgs.User)
      (effects (font (size 1 1) (thickness 0.15)))
    )
    (fp_line (start -19.05 9.525) (end -19.05 -9.525) (layer Dwgs.User) (width 0.15))
    (fp_line (start -19.05 9.525) (end 19.05 9.525) (layer Dwgs.User) (width 0.15))
    (fp_line (start 19.05 -9.525) (end 19.05 9.525) (layer Dwgs.User) (width 0.15))
    (fp_line (start -19.05 -9.525) (end 19.05 -9.525) (layer Dwgs.User) (width 0.15))
    (fp_line (start -7 -7) (end -7 -5) (layer Dwgs.User) (width 0.15))
    (fp_line (start -5 -7) (end -7 -7) (layer Dwgs.User) (width 0.15))
    (fp_line (start -7 7) (end -5 7) (layer Dwgs.User) (width 0.15))
    (fp_line (start -7 5) (end -7 7) (layer Dwgs.User) (width 0.15))
    (fp_line (start 7 7) (end 7 5) (layer Dwgs.User) (width 0.15))
    (fp_line (start 5 7) (end 7 7) (layer Dwgs.User) (width 0.15))
    (fp_line (start 7 -7) (end 7 -5) (layer Dwgs.User) (width 0.15))
    (fp_line (start 5 -7) (end 7 -7) (layer Dwgs.User) (width 0.15))
    (pad 2 thru_hole circle (at 2.54 -5.08) (size 2.25 2.25) (drill 1.47) (layers *.Cu B.Mask)
      (net 18 "Net-(D100-Pad2)"))
    (pad "" np_thru_hole circle (at 0 0) (size 3.9878 3.9878) (drill 3.9878) (layers *.Cu *.Mask))
    (pad 1 thru_hole circle (at -3.81 -2.54) (size 2.25 2.25) (drill 1.47) (layers *.Cu B.Mask)
      (net 113 COL0))
    (pad "" np_thru_hole circle (at -5.08 0 48.0996) (size 1.75 1.75) (drill 1.75) (layers *.Cu *.Mask))
    (pad "" np_thru_hole circle (at 5.08 0 48.0996) (size 1.75 1.75) (drill 1.75) (layers *.Cu *.Mask))
    (pad "" np_thru_hole circle (at -11.90625 -6.985) (size 3.048 3.048) (drill 3.048) (layers *.Cu *.Mask))
    (pad "" np_thru_hole circle (at 11.90625 -6.985) (size 3.048 3.048) (drill 3.048) (layers *.Cu *.Mask))
    (pad "" np_thru_hole circle (at -11.90625 8.255) (size 3.9878 3.9878) (drill 3.9878) (layers *.Cu *.Mask))
    (pad "" np_thru_hole circle (at 11.90625 8.255) (size 3.9878 3.9878) (drill 3.9878) (layers *.Cu *.Mask))
  )

  (module MX_Only:MXOnly-2U-NoLED (layer F.Cu) (tedit 5BD3C72F) (tstamp 5EEDD6C8)
    (at 390.525 247.65)
    (path /5F35E23A)
    (fp_text reference MX9 (at 0 3.175) (layer Dwgs.User)
      (effects (font (size 1 1) (thickness 0.15)))
    )
    (fp_text value MX-NoLED (at 0 -7.9375) (layer Dwgs.User)
      (effects (font (size 1 1) (thickness 0.15)))
    )
    (fp_line (start -19.05 9.525) (end -19.05 -9.525) (layer Dwgs.User) (width 0.15))
    (fp_line (start -19.05 9.525) (end 19.05 9.525) (layer Dwgs.User) (width 0.15))
    (fp_line (start 19.05 -9.525) (end 19.05 9.525) (layer Dwgs.User) (width 0.15))
    (fp_line (start -19.05 -9.525) (end 19.05 -9.525) (layer Dwgs.User) (width 0.15))
    (fp_line (start -7 -7) (end -7 -5) (layer Dwgs.User) (width 0.15))
    (fp_line (start -5 -7) (end -7 -7) (layer Dwgs.User) (width 0.15))
    (fp_line (start -7 7) (end -5 7) (layer Dwgs.User) (width 0.15))
    (fp_line (start -7 5) (end -7 7) (layer Dwgs.User) (width 0.15))
    (fp_line (start 7 7) (end 7 5) (layer Dwgs.User) (width 0.15))
    (fp_line (start 5 7) (end 7 7) (layer Dwgs.User) (width 0.15))
    (fp_line (start 7 -7) (end 7 -5) (layer Dwgs.User) (width 0.15))
    (fp_line (start 5 -7) (end 7 -7) (layer Dwgs.User) (width 0.15))
    (pad 2 thru_hole circle (at 2.54 -5.08) (size 2.25 2.25) (drill 1.47) (layers *.Cu B.Mask)
      (net 16 "Net-(D9-Pad2)"))
    (pad "" np_thru_hole circle (at 0 0) (size 3.9878 3.9878) (drill 3.9878) (layers *.Cu *.Mask))
    (pad 1 thru_hole circle (at -3.81 -2.54) (size 2.25 2.25) (drill 1.47) (layers *.Cu B.Mask)
      (net 122 COL9))
    (pad "" np_thru_hole circle (at -5.08 0 48.0996) (size 1.75 1.75) (drill 1.75) (layers *.Cu *.Mask))
    (pad "" np_thru_hole circle (at 5.08 0 48.0996) (size 1.75 1.75) (drill 1.75) (layers *.Cu *.Mask))
    (pad "" np_thru_hole circle (at -11.90625 -6.985) (size 3.048 3.048) (drill 3.048) (layers *.Cu *.Mask))
    (pad "" np_thru_hole circle (at 11.90625 -6.985) (size 3.048 3.048) (drill 3.048) (layers *.Cu *.Mask))
    (pad "" np_thru_hole circle (at -11.90625 8.255) (size 3.9878 3.9878) (drill 3.9878) (layers *.Cu *.Mask))
    (pad "" np_thru_hole circle (at 11.90625 8.255) (size 3.9878 3.9878) (drill 3.9878) (layers *.Cu *.Mask))
  )

  (module Keebio-Parts:TRRS-PJ-320A (layer B.Cu) (tedit 5D54377F) (tstamp 5EF500B9)
    (at 428.625 238.125 180)
    (path /5F4F35F3)
    (fp_text reference U2 (at 0 -14.2) (layer Dwgs.User)
      (effects (font (size 1 1) (thickness 0.15)))
    )
    (fp_text value TRRS (at 0 5.6) (layer B.Fab)
      (effects (font (size 1 1) (thickness 0.15)) (justify mirror))
    )
    (fp_text user Sleeve (at 0.25 -11.4) (layer B.Fab)
      (effects (font (size 0.7 0.7) (thickness 0.1)) (justify mirror))
    )
    (fp_text user Tip (at 0 -10) (layer B.Fab)
      (effects (font (size 0.7 0.7) (thickness 0.1)) (justify mirror))
    )
    (fp_text user Ring1 (at 0 -6.25) (layer B.Fab)
      (effects (font (size 0.7 0.7) (thickness 0.1)) (justify mirror))
    )
    (fp_text user Ring2 (at 0 -3.25) (layer B.Fab)
      (effects (font (size 0.7 0.7) (thickness 0.1)) (justify mirror))
    )
    (fp_line (start 3.05 0) (end -3.05 0) (layer B.SilkS) (width 0.15))
    (fp_line (start 3.05 -12.1) (end -3.05 -12.1) (layer B.SilkS) (width 0.15))
    (fp_line (start 3.05 0) (end 3.05 -12.1) (layer B.SilkS) (width 0.15))
    (fp_line (start -3.05 0) (end -3.05 -12.1) (layer B.SilkS) (width 0.15))
    (fp_line (start 2.8 0) (end 2.8 2) (layer B.SilkS) (width 0.15))
    (fp_line (start -2.8 0) (end -2.8 2) (layer B.SilkS) (width 0.15))
    (fp_line (start 2.8 2) (end -2.8 2) (layer B.SilkS) (width 0.15))
    (pad 3 thru_hole oval (at 2.3 -6.2 180) (size 1.6 2) (drill oval 0.9 1.3) (layers *.Cu *.Mask)
      (net 136 LHD1))
    (pad "" np_thru_hole circle (at 0 -1.6 180) (size 0.8 0.8) (drill 0.8) (layers *.Cu *.Mask))
    (pad "" np_thru_hole circle (at 0 -8.6 180) (size 0.8 0.8) (drill 0.8) (layers *.Cu *.Mask))
    (pad 4 thru_hole oval (at 2.3 -3.2 180) (size 1.6 2) (drill oval 0.9 1.3) (layers *.Cu *.Mask)
      (net 135 LHD0))
    (pad 2 thru_hole oval (at 2.3 -10.2 180) (size 1.6 2) (drill oval 0.9 1.3) (layers *.Cu *.Mask)
      (net 1 GND))
    (pad 1 thru_hole oval (at -2.3 -11.3 180) (size 1.6 2) (drill oval 0.9 1.3) (layers *.Cu *.Mask)
      (net 5 +5V))
    (model /Users/danny/syncproj/kicad-libs/footprints/Keebio-Parts.pretty/3dmodels/PJ-320A.step
      (at (xyz 0 0 0))
      (scale (xyz 1 1 1))
      (rotate (xyz -90 0 180))
    )
  )

  (module Resistor_SMD:R_0805_2012Metric (layer B.Cu) (tedit 5B36C52B) (tstamp 5EF51E5A)
    (at 433.578 244.094 180)
    (descr "Resistor SMD 0805 (2012 Metric), square (rectangular) end terminal, IPC_7351 nominal, (Body size source: https://docs.google.com/spreadsheets/d/1BsfQQcO9C6DZCsRaXUlFlo91Tg2WpOkGARC1WS5S8t0/edit?usp=sharing), generated with kicad-footprint-generator")
    (tags resistor)
    (path /5F8A9D4B)
    (attr smd)
    (fp_text reference R8 (at 0 1.65) (layer B.SilkS)
      (effects (font (size 1 1) (thickness 0.15)) (justify mirror))
    )
    (fp_text value 4.7k (at 0 -1.65) (layer B.Fab)
      (effects (font (size 1 1) (thickness 0.15)) (justify mirror))
    )
    (fp_text user %R (at 0 0) (layer B.Fab)
      (effects (font (size 0.5 0.5) (thickness 0.08)) (justify mirror))
    )
    (fp_line (start -1 -0.6) (end -1 0.6) (layer B.Fab) (width 0.1))
    (fp_line (start -1 0.6) (end 1 0.6) (layer B.Fab) (width 0.1))
    (fp_line (start 1 0.6) (end 1 -0.6) (layer B.Fab) (width 0.1))
    (fp_line (start 1 -0.6) (end -1 -0.6) (layer B.Fab) (width 0.1))
    (fp_line (start -0.258578 0.71) (end 0.258578 0.71) (layer B.SilkS) (width 0.12))
    (fp_line (start -0.258578 -0.71) (end 0.258578 -0.71) (layer B.SilkS) (width 0.12))
    (fp_line (start -1.68 -0.95) (end -1.68 0.95) (layer B.CrtYd) (width 0.05))
    (fp_line (start -1.68 0.95) (end 1.68 0.95) (layer B.CrtYd) (width 0.05))
    (fp_line (start 1.68 0.95) (end 1.68 -0.95) (layer B.CrtYd) (width 0.05))
    (fp_line (start 1.68 -0.95) (end -1.68 -0.95) (layer B.CrtYd) (width 0.05))
    (pad 2 smd roundrect (at 0.9375 0 180) (size 0.975 1.4) (layers B.Cu B.Paste B.Mask) (roundrect_rratio 0.25)
      (net 136 LHD1))
    (pad 1 smd roundrect (at -0.9375 0 180) (size 0.975 1.4) (layers B.Cu B.Paste B.Mask) (roundrect_rratio 0.25)
      (net 5 +5V))
    (model ${KISYS3DMOD}/Resistor_SMD.3dshapes/R_0805_2012Metric.wrl
      (at (xyz 0 0 0))
      (scale (xyz 1 1 1))
      (rotate (xyz 0 0 0))
    )
  )

  (module Resistor_SMD:R_0805_2012Metric (layer B.Cu) (tedit 5B36C52B) (tstamp 5EF520B6)
    (at 433.5295 241.3 180)
    (descr "Resistor SMD 0805 (2012 Metric), square (rectangular) end terminal, IPC_7351 nominal, (Body size source: https://docs.google.com/spreadsheets/d/1BsfQQcO9C6DZCsRaXUlFlo91Tg2WpOkGARC1WS5S8t0/edit?usp=sharing), generated with kicad-footprint-generator")
    (tags resistor)
    (path /5F6AB4C3)
    (attr smd)
    (fp_text reference R7 (at 0 1.65) (layer B.SilkS)
      (effects (font (size 1 1) (thickness 0.15)) (justify mirror))
    )
    (fp_text value 4.7k (at 0 -1.65) (layer B.Fab)
      (effects (font (size 1 1) (thickness 0.15)) (justify mirror))
    )
    (fp_text user %R (at 0 0) (layer B.Fab)
      (effects (font (size 0.5 0.5) (thickness 0.08)) (justify mirror))
    )
    (fp_line (start -1 -0.6) (end -1 0.6) (layer B.Fab) (width 0.1))
    (fp_line (start -1 0.6) (end 1 0.6) (layer B.Fab) (width 0.1))
    (fp_line (start 1 0.6) (end 1 -0.6) (layer B.Fab) (width 0.1))
    (fp_line (start 1 -0.6) (end -1 -0.6) (layer B.Fab) (width 0.1))
    (fp_line (start -0.258578 0.71) (end 0.258578 0.71) (layer B.SilkS) (width 0.12))
    (fp_line (start -0.258578 -0.71) (end 0.258578 -0.71) (layer B.SilkS) (width 0.12))
    (fp_line (start -1.68 -0.95) (end -1.68 0.95) (layer B.CrtYd) (width 0.05))
    (fp_line (start -1.68 0.95) (end 1.68 0.95) (layer B.CrtYd) (width 0.05))
    (fp_line (start 1.68 0.95) (end 1.68 -0.95) (layer B.CrtYd) (width 0.05))
    (fp_line (start 1.68 -0.95) (end -1.68 -0.95) (layer B.CrtYd) (width 0.05))
    (pad 2 smd roundrect (at 0.9375 0 180) (size 0.975 1.4) (layers B.Cu B.Paste B.Mask) (roundrect_rratio 0.25)
      (net 135 LHD0))
    (pad 1 smd roundrect (at -0.9375 0 180) (size 0.975 1.4) (layers B.Cu B.Paste B.Mask) (roundrect_rratio 0.25)
      (net 5 +5V))
    (model ${KISYS3DMOD}/Resistor_SMD.3dshapes/R_0805_2012Metric.wrl
      (at (xyz 0 0 0))
      (scale (xyz 1 1 1))
      (rotate (xyz 0 0 0))
    )
  )

  (module Resistor_SMD:R_0805_2012Metric (layer F.Cu) (tedit 5B36C52B) (tstamp 5EF49E2A)
    (at 193.04 286.3365 270)
    (descr "Resistor SMD 0805 (2012 Metric), square (rectangular) end terminal, IPC_7351 nominal, (Body size source: https://docs.google.com/spreadsheets/d/1BsfQQcO9C6DZCsRaXUlFlo91Tg2WpOkGARC1WS5S8t0/edit?usp=sharing), generated with kicad-footprint-generator")
    (tags resistor)
    (path /5F41B2EC)
    (attr smd)
    (fp_text reference R6 (at 0 -1.65 270) (layer F.SilkS)
      (effects (font (size 1 1) (thickness 0.15)))
    )
    (fp_text value 10k (at 0 1.65 270) (layer F.Fab)
      (effects (font (size 1 1) (thickness 0.15)))
    )
    (fp_text user %R (at 0 0 270) (layer F.Fab)
      (effects (font (size 0.5 0.5) (thickness 0.08)))
    )
    (fp_line (start -1 0.6) (end -1 -0.6) (layer F.Fab) (width 0.1))
    (fp_line (start -1 -0.6) (end 1 -0.6) (layer F.Fab) (width 0.1))
    (fp_line (start 1 -0.6) (end 1 0.6) (layer F.Fab) (width 0.1))
    (fp_line (start 1 0.6) (end -1 0.6) (layer F.Fab) (width 0.1))
    (fp_line (start -0.258578 -0.71) (end 0.258578 -0.71) (layer F.SilkS) (width 0.12))
    (fp_line (start -0.258578 0.71) (end 0.258578 0.71) (layer F.SilkS) (width 0.12))
    (fp_line (start -1.68 0.95) (end -1.68 -0.95) (layer F.CrtYd) (width 0.05))
    (fp_line (start -1.68 -0.95) (end 1.68 -0.95) (layer F.CrtYd) (width 0.05))
    (fp_line (start 1.68 -0.95) (end 1.68 0.95) (layer F.CrtYd) (width 0.05))
    (fp_line (start 1.68 0.95) (end -1.68 0.95) (layer F.CrtYd) (width 0.05))
    (pad 2 smd roundrect (at 0.9375 0 270) (size 0.975 1.4) (layers F.Cu F.Paste F.Mask) (roundrect_rratio 0.25)
      (net 134 "Net-(R6-Pad2)"))
    (pad 1 smd roundrect (at -0.9375 0 270) (size 0.975 1.4) (layers F.Cu F.Paste F.Mask) (roundrect_rratio 0.25)
      (net 1 GND))
    (model ${KISYS3DMOD}/Resistor_SMD.3dshapes/R_0805_2012Metric.wrl
      (at (xyz 0 0 0))
      (scale (xyz 1 1 1))
      (rotate (xyz 0 0 0))
    )
  )

  (module Resistor_SMD:R_0805_2012Metric (layer B.Cu) (tedit 5B36C52B) (tstamp 5EF52302)
    (at 187.4035 247.269 180)
    (descr "Resistor SMD 0805 (2012 Metric), square (rectangular) end terminal, IPC_7351 nominal, (Body size source: https://docs.google.com/spreadsheets/d/1BsfQQcO9C6DZCsRaXUlFlo91Tg2WpOkGARC1WS5S8t0/edit?usp=sharing), generated with kicad-footprint-generator")
    (tags resistor)
    (path /5EF988CE)
    (attr smd)
    (fp_text reference R5 (at 0 1.65) (layer B.SilkS)
      (effects (font (size 1 1) (thickness 0.15)) (justify mirror))
    )
    (fp_text value 1m (at 0 -1.65) (layer B.Fab)
      (effects (font (size 1 1) (thickness 0.15)) (justify mirror))
    )
    (fp_text user %R (at 0 0) (layer B.Fab)
      (effects (font (size 0.5 0.5) (thickness 0.08)) (justify mirror))
    )
    (fp_line (start -1 -0.6) (end -1 0.6) (layer B.Fab) (width 0.1))
    (fp_line (start -1 0.6) (end 1 0.6) (layer B.Fab) (width 0.1))
    (fp_line (start 1 0.6) (end 1 -0.6) (layer B.Fab) (width 0.1))
    (fp_line (start 1 -0.6) (end -1 -0.6) (layer B.Fab) (width 0.1))
    (fp_line (start -0.258578 0.71) (end 0.258578 0.71) (layer B.SilkS) (width 0.12))
    (fp_line (start -0.258578 -0.71) (end 0.258578 -0.71) (layer B.SilkS) (width 0.12))
    (fp_line (start -1.68 -0.95) (end -1.68 0.95) (layer B.CrtYd) (width 0.05))
    (fp_line (start -1.68 0.95) (end 1.68 0.95) (layer B.CrtYd) (width 0.05))
    (fp_line (start 1.68 0.95) (end 1.68 -0.95) (layer B.CrtYd) (width 0.05))
    (fp_line (start 1.68 -0.95) (end -1.68 -0.95) (layer B.CrtYd) (width 0.05))
    (pad 2 smd roundrect (at 0.9375 0 180) (size 0.975 1.4) (layers B.Cu B.Paste B.Mask) (roundrect_rratio 0.25)
      (net 1 GND))
    (pad 1 smd roundrect (at -0.9375 0 180) (size 0.975 1.4) (layers B.Cu B.Paste B.Mask) (roundrect_rratio 0.25)
      (net 132 "Net-(C8-Pad2)"))
    (model ${KISYS3DMOD}/Resistor_SMD.3dshapes/R_0805_2012Metric.wrl
      (at (xyz 0 0 0))
      (scale (xyz 1 1 1))
      (rotate (xyz 0 0 0))
    )
  )

  (module MX_Only:MXOnly-1U-NoLED (layer F.Cu) (tedit 5BD3C6C7) (tstamp 5EEDDB58)
    (at 361.95 285.75)
    (path /5F3E5C20)
    (fp_text reference MX508 (at 0 3.175) (layer Dwgs.User)
      (effects (font (size 1 1) (thickness 0.15)))
    )
    (fp_text value MX-NoLED (at 0 -7.9375) (layer Dwgs.User)
      (effects (font (size 1 1) (thickness 0.15)))
    )
    (fp_line (start -9.525 9.525) (end -9.525 -9.525) (layer Dwgs.User) (width 0.15))
    (fp_line (start 9.525 9.525) (end -9.525 9.525) (layer Dwgs.User) (width 0.15))
    (fp_line (start 9.525 -9.525) (end 9.525 9.525) (layer Dwgs.User) (width 0.15))
    (fp_line (start -9.525 -9.525) (end 9.525 -9.525) (layer Dwgs.User) (width 0.15))
    (fp_line (start -7 -7) (end -7 -5) (layer Dwgs.User) (width 0.15))
    (fp_line (start -5 -7) (end -7 -7) (layer Dwgs.User) (width 0.15))
    (fp_line (start -7 7) (end -5 7) (layer Dwgs.User) (width 0.15))
    (fp_line (start -7 5) (end -7 7) (layer Dwgs.User) (width 0.15))
    (fp_line (start 7 7) (end 7 5) (layer Dwgs.User) (width 0.15))
    (fp_line (start 5 7) (end 7 7) (layer Dwgs.User) (width 0.15))
    (fp_line (start 7 -7) (end 7 -5) (layer Dwgs.User) (width 0.15))
    (fp_line (start 5 -7) (end 7 -7) (layer Dwgs.User) (width 0.15))
    (pad 2 thru_hole circle (at 2.54 -5.08) (size 2.25 2.25) (drill 1.47) (layers *.Cu B.Mask)
      (net 71 "Net-(D508-Pad2)"))
    (pad "" np_thru_hole circle (at 0 0) (size 3.9878 3.9878) (drill 3.9878) (layers *.Cu *.Mask))
    (pad 1 thru_hole circle (at -3.81 -2.54) (size 2.25 2.25) (drill 1.47) (layers *.Cu B.Mask)
      (net 121 COL8))
    (pad "" np_thru_hole circle (at -5.08 0 48.0996) (size 1.75 1.75) (drill 1.75) (layers *.Cu *.Mask))
    (pad "" np_thru_hole circle (at 5.08 0 48.0996) (size 1.75 1.75) (drill 1.75) (layers *.Cu *.Mask))
  )

  (module usb-mini-1734510-1:TE_1734510-1 (layer B.Cu) (tedit 5EF36B96) (tstamp 5EF48E8C)
    (at 192.532 239.903)
    (path /5F0BB814)
    (fp_text reference J1 (at -1.311125 6.855945) (layer B.SilkS)
      (effects (font (size 0.788087 0.788087) (thickness 0.015)) (justify mirror))
    )
    (fp_text value 1734510-1 (at 2.19096 -4.58202) (layer B.Fab)
      (effects (font (size 0.787748 0.787748) (thickness 0.015)) (justify mirror))
    )
    (fp_text user PCB~Edge (at 4.70289 -1.50092) (layer B.Fab)
      (effects (font (size 0.787882 0.787882) (thickness 0.015)) (justify mirror))
    )
    (fp_line (start 4.35 5.85) (end 4.35 -1.75) (layer B.Fab) (width 0.127))
    (fp_line (start 4.35 -1.75) (end 4.35 -3.75) (layer B.Fab) (width 0.127))
    (fp_line (start 4.35 -3.75) (end -4.35 -3.75) (layer B.Fab) (width 0.127))
    (fp_line (start -4.35 -3.75) (end -4.35 -1.75) (layer B.Fab) (width 0.127))
    (fp_line (start -4.35 -1.75) (end -4.35 5.85) (layer B.Fab) (width 0.127))
    (fp_line (start -4.35 5.85) (end 4.35 5.85) (layer B.Fab) (width 0.127))
    (fp_line (start -4.35 5.85) (end 4.35 5.85) (layer B.SilkS) (width 0.127))
    (fp_line (start 4.35 -1.75) (end -4.35 -1.75) (layer B.SilkS) (width 0.127))
    (fp_line (start 4.35 5.85) (end 4.35 1.5) (layer B.SilkS) (width 0.127))
    (fp_line (start 4.35 -1.5) (end 4.35 -1.75) (layer B.SilkS) (width 0.127))
    (fp_line (start -4.35 -1.75) (end -4.35 -1.6) (layer B.SilkS) (width 0.127))
    (fp_line (start -4.35 1.6) (end -4.35 5.85) (layer B.SilkS) (width 0.127))
    (fp_circle (center -5.129 4.949) (end -5.029 4.949) (layer B.SilkS) (width 0.3))
    (fp_circle (center -5.129 4.949) (end -5.029 4.949) (layer B.Fab) (width 0.3))
    (fp_line (start 4.35 -1.75) (end -4.35 -1.75) (layer B.Fab) (width 0.127))
    (fp_line (start 4.35 -1.75) (end 5.3 -1.75) (layer B.Fab) (width 0.127))
    (fp_line (start -4.6 6.1) (end 4.6 6.1) (layer B.CrtYd) (width 0.05))
    (fp_line (start 4.6 6.1) (end 4.6 -4) (layer B.CrtYd) (width 0.05))
    (fp_line (start 4.6 -4) (end -4.6 -4) (layer B.CrtYd) (width 0.05))
    (fp_line (start -4.6 -4) (end -4.6 6.1) (layer B.CrtYd) (width 0.05))
    (pad 1 thru_hole circle (at -1.6 5.05) (size 1.2 1.2) (drill 0.7) (layers *.Cu *.Mask)
      (net 112 VCC))
    (pad 3 thru_hole circle (at 0 5.05) (size 1.2 1.2) (drill 0.7) (layers *.Cu *.Mask)
      (net 125 D+))
    (pad 5 thru_hole circle (at 1.6 5.05) (size 1.2 1.2) (drill 0.7) (layers *.Cu *.Mask)
      (net 1 GND))
    (pad 2 thru_hole circle (at -0.8 3.85) (size 1.2 1.2) (drill 0.7) (layers *.Cu *.Mask)
      (net 127 D-))
    (pad 4 thru_hole circle (at 0.8 3.85) (size 1.2 1.2) (drill 0.7) (layers *.Cu *.Mask)
      (net 133 "Net-(J1-Pad4)"))
    (pad SH1 thru_hole oval (at 3.65 0) (size 1.208 2.416) (drill oval 0.7 1.9) (layers *.Cu *.Mask)
      (net 132 "Net-(C8-Pad2)"))
    (pad SH2 thru_hole oval (at -3.65 0) (size 1.208 2.416) (drill oval 0.7 1.9) (layers *.Cu *.Mask)
      (net 132 "Net-(C8-Pad2)"))
  )

  (module Capacitor_SMD:C_0805_2012Metric (layer B.Cu) (tedit 5B36C52B) (tstamp 5EF47C4C)
    (at 187.3735 250.444 180)
    (descr "Capacitor SMD 0805 (2012 Metric), square (rectangular) end terminal, IPC_7351 nominal, (Body size source: https://docs.google.com/spreadsheets/d/1BsfQQcO9C6DZCsRaXUlFlo91Tg2WpOkGARC1WS5S8t0/edit?usp=sharing), generated with kicad-footprint-generator")
    (tags capacitor)
    (path /5F019284)
    (attr smd)
    (fp_text reference C8 (at 0 1.65) (layer B.SilkS)
      (effects (font (size 1 1) (thickness 0.15)) (justify mirror))
    )
    (fp_text value 4.7uF (at 0 -1.65) (layer B.Fab)
      (effects (font (size 1 1) (thickness 0.15)) (justify mirror))
    )
    (fp_text user %R (at 0 0) (layer B.Fab)
      (effects (font (size 0.5 0.5) (thickness 0.08)) (justify mirror))
    )
    (fp_line (start -1 -0.6) (end -1 0.6) (layer B.Fab) (width 0.1))
    (fp_line (start -1 0.6) (end 1 0.6) (layer B.Fab) (width 0.1))
    (fp_line (start 1 0.6) (end 1 -0.6) (layer B.Fab) (width 0.1))
    (fp_line (start 1 -0.6) (end -1 -0.6) (layer B.Fab) (width 0.1))
    (fp_line (start -0.258578 0.71) (end 0.258578 0.71) (layer B.SilkS) (width 0.12))
    (fp_line (start -0.258578 -0.71) (end 0.258578 -0.71) (layer B.SilkS) (width 0.12))
    (fp_line (start -1.68 -0.95) (end -1.68 0.95) (layer B.CrtYd) (width 0.05))
    (fp_line (start -1.68 0.95) (end 1.68 0.95) (layer B.CrtYd) (width 0.05))
    (fp_line (start 1.68 0.95) (end 1.68 -0.95) (layer B.CrtYd) (width 0.05))
    (fp_line (start 1.68 -0.95) (end -1.68 -0.95) (layer B.CrtYd) (width 0.05))
    (pad 2 smd roundrect (at 0.9375 0 180) (size 0.975 1.4) (layers B.Cu B.Paste B.Mask) (roundrect_rratio 0.25)
      (net 132 "Net-(C8-Pad2)"))
    (pad 1 smd roundrect (at -0.9375 0 180) (size 0.975 1.4) (layers B.Cu B.Paste B.Mask) (roundrect_rratio 0.25)
      (net 1 GND))
    (model ${KISYS3DMOD}/Capacitor_SMD.3dshapes/C_0805_2012Metric.wrl
      (at (xyz 0 0 0))
      (scale (xyz 1 1 1))
      (rotate (xyz 0 0 0))
    )
  )

  (module Capacitor_SMD:C_0805_2012Metric (layer B.Cu) (tedit 5B36C52B) (tstamp 5EEE3B98)
    (at 198.628 251.5085 90)
    (descr "Capacitor SMD 0805 (2012 Metric), square (rectangular) end terminal, IPC_7351 nominal, (Body size source: https://docs.google.com/spreadsheets/d/1BsfQQcO9C6DZCsRaXUlFlo91Tg2WpOkGARC1WS5S8t0/edit?usp=sharing), generated with kicad-footprint-generator")
    (tags capacitor)
    (path /5EEC6180)
    (attr smd)
    (fp_text reference C7 (at 0 1.65 90) (layer B.SilkS)
      (effects (font (size 1 1) (thickness 0.15)) (justify mirror))
    )
    (fp_text value 0.1uF (at 0 -1.65 90) (layer B.Fab)
      (effects (font (size 1 1) (thickness 0.15)) (justify mirror))
    )
    (fp_text user %R (at 0 0 90) (layer B.Fab)
      (effects (font (size 0.5 0.5) (thickness 0.08)) (justify mirror))
    )
    (fp_line (start -1 -0.6) (end -1 0.6) (layer B.Fab) (width 0.1))
    (fp_line (start -1 0.6) (end 1 0.6) (layer B.Fab) (width 0.1))
    (fp_line (start 1 0.6) (end 1 -0.6) (layer B.Fab) (width 0.1))
    (fp_line (start 1 -0.6) (end -1 -0.6) (layer B.Fab) (width 0.1))
    (fp_line (start -0.258578 0.71) (end 0.258578 0.71) (layer B.SilkS) (width 0.12))
    (fp_line (start -0.258578 -0.71) (end 0.258578 -0.71) (layer B.SilkS) (width 0.12))
    (fp_line (start -1.68 -0.95) (end -1.68 0.95) (layer B.CrtYd) (width 0.05))
    (fp_line (start -1.68 0.95) (end 1.68 0.95) (layer B.CrtYd) (width 0.05))
    (fp_line (start 1.68 0.95) (end 1.68 -0.95) (layer B.CrtYd) (width 0.05))
    (fp_line (start 1.68 -0.95) (end -1.68 -0.95) (layer B.CrtYd) (width 0.05))
    (pad 2 smd roundrect (at 0.9375 0 90) (size 0.975 1.4) (layers B.Cu B.Paste B.Mask) (roundrect_rratio 0.25)
      (net 1 GND))
    (pad 1 smd roundrect (at -0.9375 0 90) (size 0.975 1.4) (layers B.Cu B.Paste B.Mask) (roundrect_rratio 0.25)
      (net 5 +5V))
    (model ${KISYS3DMOD}/Capacitor_SMD.3dshapes/C_0805_2012Metric.wrl
      (at (xyz 0 0 0))
      (scale (xyz 1 1 1))
      (rotate (xyz 0 0 0))
    )
  )

  (module Capacitor_SMD:C_0805_2012Metric (layer F.Cu) (tedit 5B36C52B) (tstamp 5EEDCC54)
    (at 194.31 276.098 90)
    (descr "Capacitor SMD 0805 (2012 Metric), square (rectangular) end terminal, IPC_7351 nominal, (Body size source: https://docs.google.com/spreadsheets/d/1BsfQQcO9C6DZCsRaXUlFlo91Tg2WpOkGARC1WS5S8t0/edit?usp=sharing), generated with kicad-footprint-generator")
    (tags capacitor)
    (path /5EEC7880)
    (attr smd)
    (fp_text reference C6 (at 0 -1.65 90) (layer F.SilkS)
      (effects (font (size 1 1) (thickness 0.15)))
    )
    (fp_text value 0.1uF (at 0 1.65 90) (layer F.Fab)
      (effects (font (size 1 1) (thickness 0.15)))
    )
    (fp_text user %R (at 0 0 90) (layer F.Fab)
      (effects (font (size 0.5 0.5) (thickness 0.08)))
    )
    (fp_line (start -1 0.6) (end -1 -0.6) (layer F.Fab) (width 0.1))
    (fp_line (start -1 -0.6) (end 1 -0.6) (layer F.Fab) (width 0.1))
    (fp_line (start 1 -0.6) (end 1 0.6) (layer F.Fab) (width 0.1))
    (fp_line (start 1 0.6) (end -1 0.6) (layer F.Fab) (width 0.1))
    (fp_line (start -0.258578 -0.71) (end 0.258578 -0.71) (layer F.SilkS) (width 0.12))
    (fp_line (start -0.258578 0.71) (end 0.258578 0.71) (layer F.SilkS) (width 0.12))
    (fp_line (start -1.68 0.95) (end -1.68 -0.95) (layer F.CrtYd) (width 0.05))
    (fp_line (start -1.68 -0.95) (end 1.68 -0.95) (layer F.CrtYd) (width 0.05))
    (fp_line (start 1.68 -0.95) (end 1.68 0.95) (layer F.CrtYd) (width 0.05))
    (fp_line (start 1.68 0.95) (end -1.68 0.95) (layer F.CrtYd) (width 0.05))
    (pad 2 smd roundrect (at 0.9375 0 90) (size 0.975 1.4) (layers F.Cu F.Paste F.Mask) (roundrect_rratio 0.25)
      (net 1 GND))
    (pad 1 smd roundrect (at -0.9375 0 90) (size 0.975 1.4) (layers F.Cu F.Paste F.Mask) (roundrect_rratio 0.25)
      (net 5 +5V))
    (model ${KISYS3DMOD}/Capacitor_SMD.3dshapes/C_0805_2012Metric.wrl
      (at (xyz 0 0 0))
      (scale (xyz 1 1 1))
      (rotate (xyz 0 0 0))
    )
  )

  (module Capacitor_SMD:C_0805_2012Metric (layer B.Cu) (tedit 5B36C52B) (tstamp 5EEDCC3B)
    (at 178.943 354.965 270)
    (descr "Capacitor SMD 0805 (2012 Metric), square (rectangular) end terminal, IPC_7351 nominal, (Body size source: https://docs.google.com/spreadsheets/d/1BsfQQcO9C6DZCsRaXUlFlo91Tg2WpOkGARC1WS5S8t0/edit?usp=sharing), generated with kicad-footprint-generator")
    (tags capacitor)
    (path /5EEC7E8C)
    (attr smd)
    (fp_text reference C5 (at 0 1.65 90) (layer B.SilkS)
      (effects (font (size 1 1) (thickness 0.15)) (justify mirror))
    )
    (fp_text value 0.1uF (at 0 -1.65 90) (layer B.Fab)
      (effects (font (size 1 1) (thickness 0.15)) (justify mirror))
    )
    (fp_text user %R (at 0 0 90) (layer B.Fab)
      (effects (font (size 0.5 0.5) (thickness 0.08)) (justify mirror))
    )
    (fp_line (start -1 -0.6) (end -1 0.6) (layer B.Fab) (width 0.1))
    (fp_line (start -1 0.6) (end 1 0.6) (layer B.Fab) (width 0.1))
    (fp_line (start 1 0.6) (end 1 -0.6) (layer B.Fab) (width 0.1))
    (fp_line (start 1 -0.6) (end -1 -0.6) (layer B.Fab) (width 0.1))
    (fp_line (start -0.258578 0.71) (end 0.258578 0.71) (layer B.SilkS) (width 0.12))
    (fp_line (start -0.258578 -0.71) (end 0.258578 -0.71) (layer B.SilkS) (width 0.12))
    (fp_line (start -1.68 -0.95) (end -1.68 0.95) (layer B.CrtYd) (width 0.05))
    (fp_line (start -1.68 0.95) (end 1.68 0.95) (layer B.CrtYd) (width 0.05))
    (fp_line (start 1.68 0.95) (end 1.68 -0.95) (layer B.CrtYd) (width 0.05))
    (fp_line (start 1.68 -0.95) (end -1.68 -0.95) (layer B.CrtYd) (width 0.05))
    (pad 2 smd roundrect (at 0.9375 0 270) (size 0.975 1.4) (layers B.Cu B.Paste B.Mask) (roundrect_rratio 0.25)
      (net 1 GND))
    (pad 1 smd roundrect (at -0.9375 0 270) (size 0.975 1.4) (layers B.Cu B.Paste B.Mask) (roundrect_rratio 0.25)
      (net 5 +5V))
    (model ${KISYS3DMOD}/Capacitor_SMD.3dshapes/C_0805_2012Metric.wrl
      (at (xyz 0 0 0))
      (scale (xyz 1 1 1))
      (rotate (xyz 0 0 0))
    )
  )

  (module Capacitor_SMD:C_0805_2012Metric (layer B.Cu) (tedit 5B36C52B) (tstamp 5EF5268E)
    (at 196.596 251.5085 90)
    (descr "Capacitor SMD 0805 (2012 Metric), square (rectangular) end terminal, IPC_7351 nominal, (Body size source: https://docs.google.com/spreadsheets/d/1BsfQQcO9C6DZCsRaXUlFlo91Tg2WpOkGARC1WS5S8t0/edit?usp=sharing), generated with kicad-footprint-generator")
    (tags capacitor)
    (path /5EEC8350)
    (attr smd)
    (fp_text reference C4 (at 0 1.65 90) (layer B.SilkS)
      (effects (font (size 1 1) (thickness 0.15)) (justify mirror))
    )
    (fp_text value 4.7uF (at 0 -1.65 90) (layer B.Fab)
      (effects (font (size 1 1) (thickness 0.15)) (justify mirror))
    )
    (fp_text user %R (at 0 0 90) (layer B.Fab)
      (effects (font (size 0.5 0.5) (thickness 0.08)) (justify mirror))
    )
    (fp_line (start -1 -0.6) (end -1 0.6) (layer B.Fab) (width 0.1))
    (fp_line (start -1 0.6) (end 1 0.6) (layer B.Fab) (width 0.1))
    (fp_line (start 1 0.6) (end 1 -0.6) (layer B.Fab) (width 0.1))
    (fp_line (start 1 -0.6) (end -1 -0.6) (layer B.Fab) (width 0.1))
    (fp_line (start -0.258578 0.71) (end 0.258578 0.71) (layer B.SilkS) (width 0.12))
    (fp_line (start -0.258578 -0.71) (end 0.258578 -0.71) (layer B.SilkS) (width 0.12))
    (fp_line (start -1.68 -0.95) (end -1.68 0.95) (layer B.CrtYd) (width 0.05))
    (fp_line (start -1.68 0.95) (end 1.68 0.95) (layer B.CrtYd) (width 0.05))
    (fp_line (start 1.68 0.95) (end 1.68 -0.95) (layer B.CrtYd) (width 0.05))
    (fp_line (start 1.68 -0.95) (end -1.68 -0.95) (layer B.CrtYd) (width 0.05))
    (pad 2 smd roundrect (at 0.9375 0 90) (size 0.975 1.4) (layers B.Cu B.Paste B.Mask) (roundrect_rratio 0.25)
      (net 1 GND))
    (pad 1 smd roundrect (at -0.9375 0 90) (size 0.975 1.4) (layers B.Cu B.Paste B.Mask) (roundrect_rratio 0.25)
      (net 5 +5V))
    (model ${KISYS3DMOD}/Capacitor_SMD.3dshapes/C_0805_2012Metric.wrl
      (at (xyz 0 0 0))
      (scale (xyz 1 1 1))
      (rotate (xyz 0 0 0))
    )
  )

  (module Capacitor_SMD:C_0805_2012Metric (layer B.Cu) (tedit 5B36C52B) (tstamp 5EF01B1D)
    (at 181.61 276.479 270)
    (descr "Capacitor SMD 0805 (2012 Metric), square (rectangular) end terminal, IPC_7351 nominal, (Body size source: https://docs.google.com/spreadsheets/d/1BsfQQcO9C6DZCsRaXUlFlo91Tg2WpOkGARC1WS5S8t0/edit?usp=sharing), generated with kicad-footprint-generator")
    (tags capacitor)
    (path /5EEBCF2E)
    (attr smd)
    (fp_text reference C3 (at 0 1.65 90) (layer B.SilkS)
      (effects (font (size 1 1) (thickness 0.15)) (justify mirror))
    )
